1 2 3 1 2 3 1 2 3 2 1

764.98047 215.74287 19.0 140.0 30.0 -1.5708362E-4 1
864.6573 215.73746 19.0 140.0 30.0 -2.05016E-4 1
879.9981 296.46506 19.0 20.0 260.0 7.803412E-5 1
895.42426 215.7386 19.0 140.0 30.0 -1.4466482E-4 1
994.9583 215.74352 19.0 140.0 30.0 -6.732287E-5 1
1000.98047 215.74287 19.0 140.0 30.0 -1.5708362E-4 1
1120.6573 215.73746 19.0 140.0 30.0 -2.05016E-4 1
1135.9981 296.46506 19.0 20.0 260.0 7.803412E-5 1
1151.42426 215.7386 19.0 140.0 30.0 -1.4466482E-4 1
1250.9583 215.74352 19.0 140.0 30.0 -6.732287E-5 1

809.94183 344.09784 14.0 0.0010198897 1.5
809.9828 170.24997 14.0 0.0 1.0
944.99994 170.24997 14.0 0.0 1.0
944.9112 344.13666 14.0 0.0010236597 1.0
1045.94183 344.09784 14.0 0.0010198897 1.0
1045.9828 170.24997 14.0 0.0 1.0
1180.99994 170.24997 14.0 0.0 0.6
1180.9112 344.13666 14.0 0.0010236597 1.0
