1 2 3 1 2 3 2 1 3 2 

764.9557 215.74957 17.0 140.0 30.0 1.587348E-4 1
864.63135 215.75241 16.0 140.0 30.0 1.6113889E-4 2
876.47437 296.6355 11.0 20.0 260.0 0.0012285792 3
895.40063 215.75365 15.0 140.0 30.0 2.3216278E-4 3
980.97705 215.8744 14.0 140.0 30.0 -0.008082371 2
1011.9164 215.89746 14.0 140.0 30.0 -0.010159488 1
1117.0035 216.22934 16.0 140.0 30.0 -0.035510153 1
1137.2412 297.4693 10.0 20.0 260.0 9.174246E-4 3
1147.7654 216.23566 15.0 140.0 30.0 -0.035673805 3
1250.9554 215.75058 17.0 140.0 30.0 -3.9589522E-5 2

809.64453 344.29236 13.0 0.0074550086 1.5
809.9828 170.24997 13.0 0.0 1.0
935.9487 170.29755 11.0 0.20568664 1.0
944.612 344.467 13.0 0.007386087 1.5
1045.8466 345.10492 13.0 0.0021653767 1.5
1051.7039 170.24997 12.0 -0.0026065668 1.0
1186.3884 170.24997 12.0 -0.015751299 1.0
1180.819 345.24365 13.0 0.0021617524 1.5
